0.9938094233617353 0.024073476433389796 
0.9919916413036085 0.025096983206455887 
0.9662520940935567 0.028572141485162628 
0.9525675241535034 0.033558108779783526 
0.9406697310961974 0.03490899800519243 
0.9286208256321026 0.03975436034242532 
0.9241421055731592 0.04180861750778948 
0.9226320870786161 0.04370055507089805 
0.9162623953135061 0.04878519218605285 
0.9147196296145492 0.051094548437921744 
0.9133685648045291 0.05497372037793473 
0.9123844370698861 0.05817722937471462 
0.9123844370698861 0.05817722937471462 
0.9109865349852431 0.06529734313632204 
0.9100094485173712 0.06835890605844741 
0.9099574031779077 0.07172609481619531 
0.90875121682225 0.07360804362348831 
0.9082477274025815 0.07832409105907419 
0.9079927083696334 0.08064984922242492 
0.907335117334916 0.08505718621641853 
0.907335117334916 0.08505718621641853 
0.9068428440283455 0.09173685479601452 
0.9065165691080779 0.09464047539328758 
0.9061459793153438 0.09925637997095671 
0.9059902251386353 0.10251358157022042 
0.9058980868967572 0.10507207936964058 
0.9056791412087767 0.10767627424920989 
0.9053563911702994 0.11352786877728674 
0.9045697898568863 0.11638810022519688 
0.904518412745323 0.11987614424156752 
0.9044994229451656 0.12452082900342251 
0.9041509351754505 0.12744438287021317 
0.9040681347099839 0.12588215472767164 
0.9039971913352323 0.1322898228584934 
0.9038342291233726 0.13166519811909042 
0.9039435205304667 0.13136125397248327 
0.9039435205304667 0.13136125397248327 
0.9038342291233726 0.13166519811909042 
0.9040354853803172 0.1255189915635249 
0.9040453972678325 0.12574823352548792 
0.9040453972678325 0.12574823352548792 
0.9039971913352323 0.1322898228584934 
0.9040354853803172 0.1255189915635249 
0.8673299882060488 0.1741128697271792 
0.8673299882060488 0.1741128697271792 
0.832707762820506 0.1742795265938491 
0.8035072528270102 0.17425217837600288 
0.8035072528270102 0.17425217837600288 
0.7789963072902701 0.17462376070625862 
0.7616746958953502 0.17473491519066583 
0.7354168855854828 0.17537710642205448 
0.7354168855854828 0.17537710642205448 
0.7225673795778939 0.176178314051289 
0.7072830205763854 0.1772583724735473 
0.6988238856364217 0.17800998206740856 
0.6887959065635723 0.1791648670638234 
0.6796591940909833 0.1804581341408799 
0.6756974340050972 0.18236341781522486 
0.6703394814354002 0.1855009333789374 
0.6665892110775574 0.18768220411444725 
0.6626234149038283 0.1897876438749715 
0.6580158477903366 0.1927250527692793 
0.6552767702745584 0.1943513324288113 
0.6504094058921719 0.19765424353644429 
0.6464661534587862 0.20017332806647906 
0.6419244189318085 0.20269755505952552 
0.6375987144288562 0.2047419925330661 
0.6323877076083595 0.2071065511674276 
0.6283473561960018 0.20974973655359297 
0.6262745858447895 0.21104459334186823 
0.622672508107298 0.2134627353619954 
0.6176282475021556 0.21663221166514218 
0.6161941071628829 0.21776569196358614 
0.6116036305630957 0.22045112437177028 
0.6063331870881274 0.2240226827710277 
0.6033064415819237 0.2264201345101286 
0.601712285281125 0.22736178835318394 
0.5968078754102588 0.23047012564438923 
0.5940116614324015 0.23336299644863734 
0.5888806408736532 0.23574240208601235 
0.5859299207975316 0.23806922121659616 
0.5814422872457323 0.24023168100782133 
0.5788408459369898 0.24173831176973917 
0.5742585172440196 0.24473671478698403 
0.5709174414739809 0.2476449652833678 
0.5682928278612392 0.2496042545685123 
0.5640928725303483 0.2522801485055379 
0.5614091322022954 0.25400088721018554 
0.5571990942009124 0.25695035334485417 
0.5546105510683355 0.2587062471477726 
0.5502659084299896 0.26117138400040446 
0.547257130163044 0.26340214203039103 
0.5433826921318451 0.26553669378547295 
0.5395629632085444 0.2677163769792816 
0.5360900633428657 0.26973747872128007 
0.5324399998912274 0.27222151630496977 
0.5286753979107169 0.2742993934178673 
0.5249381826978621 0.27630941626043415 
0.5215410512310369 0.2787981726748036 
0.5184646216679772 0.2807446601167035 
0.5155100601997106 0.2827576250680428 
0.5118608191605495 0.28557711552803605 
0.5100220024306895 0.2875804023991501 
0.5058177737199698 0.29046477869738835 
0.5033909504892577 0.29274870517930307 
0.5011527489522017 0.2947796272088272 
0.4982000029476668 0.29684237748869396 
0.4949580881669245 0.29984702334984337 
0.4924978545632013 0.3020781354031219 
0.4894398631558622 0.30464115053490537 
0.48582422672181047 0.30658541892248403 
0.4822919194853306 0.30890736607361036 
0.47881670477213173 0.3107855518768316 
0.47573257301535515 0.3127598762696829 
0.4716791295068367 0.3149997878550707 
0.46914248089920607 0.3172229265225076 
0.4654931213011492 0.3194405005010507 
0.4626805932801809 0.3216823348464972 
0.4596000781563147 0.323810462799278 
0.45656935730033255 0.32620766106382515 
0.45391600144502264 0.32860607395651226 
0.45119043782536045 0.33080342963389336 
0.44776827717748435 0.3330777937695696 
0.44521728162831564 0.3349488007995438 
0.4416276516079077 0.3373051178473844 
0.43855855534126653 0.33912271712502384 
0.4359012171224937 0.3414513310314761 
0.43279736319257023 0.3436495012138027 
0.4293154304498247 0.34585553992087764 
0.4266979545652501 0.34783063977394274 
0.42347899714172427 0.35021836282941604 
0.42118855166420166 0.35242795415111505 
0.4177971470210125 0.35471820233824947 
0.4156792908060962 0.35674046403765197 
0.41235350737312054 0.35928113799295464 
0.409584277984974 0.36156400976438663 
0.40645117816723664 0.3637847997507615 
0.40428203111152594 0.3660661970642651 
0.4008921068851203 0.36824711678376904 
0.39889474783453294 0.37052525843544437 
0.3954494210889114 0.3727806636345665 
0.39292713173570337 0.37503673220799577 
0.39001933583455484 0.37722101486429094 
0.3872985603667836 0.3794811980965757 
0.38473837806242434 0.3815619818582984 
0.382152324481264 0.3835536681428452 
0.3788636200371604 0.3857570145358112 
0.37599726313116555 0.3878967995549178 
0.3731732862837941 0.390110666120421 
0.37039469189244956 0.3923097474456043 
0.36765128629956806 0.3945245434545715 
0.3651952635662019 0.3967371618859988 
0.3622818048862966 0.39902904007263695 
0.35968766491746895 0.4012303290432138 
0.35709475543439395 0.4034518240953238 
0.354589639705372 0.40572508379918243 
0.351868638228441 0.4078795174034946 
0.349486254619699 0.41022308989273437 
0.34687249443481194 0.41251863183444154 
0.3442007470130547 0.4147772101152901 
0.3416090417362966 0.41712591911457353 
0.33905475134827523 0.4194454274473395 
0.3363365669814177 0.4217570713849376 
0.3338457404872798 0.4240120029757969 
0.3312891350515784 0.4262589932197585 
0.3282062364324553 0.4286228922460124 
0.3255569536716986 0.43088735152969976 
0.3230689052126483 0.4331075445042443 
0.3202084962730209 0.4353196020738194 
0.3178390787044306 0.4375537888360444 
0.31497655332019014 0.43978360243987896 
0.3124139135058755 0.4420328435743473 
0.309791130615808 0.44425919220132565 
0.3072756762933296 0.4464858444138222 
0.30492745822296335 0.4487530212702857 
0.30229117130038097 0.4510019966463527 
0.2995714851141176 0.4533225390921469 
0.2970738764081798 0.4556194095228712 
0.29454750970938715 0.4579100019742065 
0.2921412268162942 0.46025693781385446 
0.2899977426731832 0.46258827933650093 
0.2874326819524638 0.46492969769617737 
0.28480164756409826 0.46730436911355494 
0.2826005153900841 0.4696351086292626 
0.2797669428079331 0.4720639464242945 
0.27752419845766196 0.4744112146888274 
0.27482768884545605 0.47676063956770964 
0.2724677450131031 0.4791459762470101 
0.27016086320465393 0.4815443749412004 
0.2674882292792877 0.48384405929812924 
0.26474200603935927 0.4862592648390097 
0.26260116292273633 0.4886947942664637 
0.2597814252186001 0.4910562756627325 
0.25744575568656997 0.4933683200810084 
0.25511269118177626 0.4957869964894471 
0.2525488057828239 0.49823951457922083 
0.25002682618757105 0.5006846114390091 
0.24795134109171876 0.5031676534002696 
0.24548305847632265 0.5054719855461841 
0.24306854405347147 0.5079954688412313 
0.2405862143838157 0.5104624495099036 
0.2381899864552501 0.5128934180960715 
0.23588446205389402 0.5153760185123152 
0.23342852806967293 0.5178575299852338 
0.23092716653577175 0.5203767970165701 
0.2284715662802877 0.5229067881567185 
0.22604296821436742 0.5253997458009845 
0.2236495893523053 0.5279229215940537 
0.22133922360740088 0.5304482574173394 
0.21895380020162739 0.533002604850207 
0.21673542492682976 0.5355163698923439 
0.21424944164450563 0.538066448174859 
0.21189650415468297 0.5406807716144139 
0.20967665390116277 0.543189269690644 
0.2071797425849538 0.5457721381716586 
0.20481239789394626 0.5483650549580527 
0.20244872475959175 0.5509073393003957 
0.20010205340748563 0.5535568781507725 
0.197671442246655 0.5561578570232697 
0.19526840559080463 0.5588147544741128 
0.19292373386813266 0.561454414971555 
0.19058645793078197 0.5641662663966655 
0.18802065241973392 0.566811850049071 
0.18577991755390733 0.5695339984336881 
0.18339643413660286 0.5722560201565013 
0.1810020987263264 0.5750208220230929 
0.17881237500224026 0.5778410119973746 
0.17643669402433837 0.5805823613551363 
0.17411263471101876 0.5833617846975516 
0.17193391816740963 0.5861039465276972 
0.16956197309534973 0.5889470137569321 
0.16716758561860345 0.5919791358897765 
0.16456647009867742 0.5948225430014612 
0.1623495429126215 0.5977571614452792 
0.16031896653104236 0.6005376578421333 
0.1577837854805008 0.6036302624996469 
0.15563659791004886 0.6063254044879434 
0.15303199144626425 0.6094661662283228 
0.1508904886603486 0.6122806153825221 
0.14855859867952065 0.6155514799760194 
0.14587213336356558 0.6186071781985819 
0.14378003048235247 0.6216843504626682 
0.141621325633716 0.6246324883632638 
0.1392757422360497 0.6278232309089872 
0.13660694692046726 0.6310674150515369 
0.13447413189629465 0.6342570327949121 
0.1321768211414093 0.6374743419900379 
0.12984011570654794 0.6406763917500472 
0.12731265929728802 0.6439437177636825 
0.12508286619614895 0.6472564075781622 
0.12299540930729536 0.6505814961793599 
0.12057362992243983 0.6539354591560947 
0.11798405012353669 0.6573922764866929 
0.11576285397779484 0.6608093670834481 
0.1135158402274331 0.6642787461826822 
0.11123947735815021 0.6677736323958956 
0.1085545403406687 0.6713729533436308 
0.10636525242605185 0.6749383644542623 
0.1039726085304939 0.6785968283386486 
0.10179991120229473 0.6822367043269568 
0.09924305217493495 0.6859264453710886 
0.09703575286221156 0.6897529791969891 
0.09467903408110541 0.6935940827385847 
0.09229457957585456 0.697471708435907 
0.08997115728181473 0.7013862186747014 
0.08740384698965868 0.7054541888253941 
0.08512337137294383 0.7093682071937523 
0.08281768362434172 0.7135581214373891 
0.0802774086135351 0.7177827452619778 
0.07802450311598547 0.7220210896770147 
0.07558707706494322 0.7263021780552046 
0.07304168350554935 0.7306844023059579 
0.07075081293849611 0.7352527202306652 
0.0681576922471125 0.7399007291496327 
0.06585986793212702 0.7444921129079408 
0.06331969289506345 0.7492241716841069 
0.06090962496181811 0.7541866264038606 
0.058553048120247926 0.7589048571509043 
0.056060488883756004 0.7640781385955119 
0.05359498425120306 0.7694003694051994 
0.051088312118859676 0.7749063631901721 
0.04866211883057267 0.7803485430565305 
0.04602539950692683 0.7865045590922841 
0.04354910648448796 0.7923158109149279 
0.04097794682432216 0.7988464218453966 
0.03849031318297004 0.8049670173438411 
0.03587865838798018 0.8121091762324665 
0.03340980494900715 0.8188351423590835 
0.030769523794232784 0.8263971782452376 
0.02800449453736313 0.8343452632742314 
0.025590458029440596 0.8419414707383723 
0.022883848580393145 0.8510156353958793 
0.020242824053441848 0.8601231848809121 
0.017391031232582878 0.8704690575362174 
0.014648312523099165 0.8818638684606785 
0.011864522543511804 0.8944535276944313 
0.009154271986569441 0.9087454635650296 
0.006031248825869296 0.9268046610254755 
0.0032703077056570585 0.9487263224880413 
2.353556513816141E-4 1.0023202789998573 
