0.8886459206274419 0.036446427579808385
0.4917425701480611 0.22047265147414669
0.033787584365818205 0.7502714204873789
0.02676255854660152 0.8254373761688585
0.35956552452890705 0.32062342301599706
0.0 1.0
1.0 0.0
0.6871302545061737 0.1147619669675492
0.9067513546638422 0.030509916515276098
0.21514288492294437 0.5943841741105163
0.671468241170403 0.127162052771587
0.4393232813675253 0.22519159956806822
0.11534687296100535 0.6356345117599633
0.09533056851424554 0.6404263277799203
0.016862973360586602 0.827846596722306
0.060457245469157664 0.6433503020164323
0.02901791769817358 0.7513007502009652
0.03747821119404838 0.7429939590101917
0.36506710541850107 0.2700767341736364
0.007499595637299116 0.9893561085801478
0.36289442422555884 0.2885360213323872
0.4092283208514274 0.22810187893027148
0.3430480405949474 0.3798056148439908
0.04716691531772104 0.700512670538074
0.03998415472822451 0.7378775998173729
0.38575210191870807 0.24809240405675664
